#E:/YangKaiyuan/testSoftwareModulization/softwareRemodular/core/EXPORT_MAIN.py
# GMT Wed Nov 17 12:27:07 2021
# 
0 18 166 138 165
1 164 18 32 122 138 165 166 338 363 0 71 123 59 58 74 57 60 82 107 104 112
2 18 166 165
3 164 2 138 165 166 343 57
4 164 18 138 165 166 56 338
5 18 165
6 5 165 166 61 64 63
7 164 18 138 165 166 145 249 479 69 70 293
8 164 18 32 138 165 166 56 145 249 479 293 144 113 38 39 146 17 114 130
9 164 138 165 166 56 338 10
10 165
11 18 138 165
12 164 18 138 165 166 145 249 479 293 11 49
13 166
14 18 138 76 165 105 32 338
15 164 5 14 18 31 32 76 105 122 138 165 166 77 56 338 6 116 104 74 75 123 107 16 117 82 130 57 47
16 138 165 166 145 249 479 293
17
18 165
19
20 164 109 122 138 165 166 151 77 338 363 0 1 19 30 123 53 57
21 138 165 166 145 338 249 479 293 23
22 166
23 165
24 166 61 64 60 82 129 112
25 164 18 138 165 166 69 70
26
27 164 14 18 31 109 122 138 165 166 56 338 363 112 123 107 16 53 60 82 28 57
28 165
29 164 14 18 32 109 122 138 165 166 77 145 338 343 249 479 36 363 149 293 89 150 112 123 53 223 57 82 19 30
30 29
31 144 146 479 293 145 32 249
32 479 145 249 293
33 31 166
34 166 145 249 479 293
35 164 18 109 138 165 166 145 338 343 249 479 36 34 293 112 141
36 164 5 18 105 138 165 166 338 61 64 4 6
37 164 18 138 165 166
38 18 138
39 166 38
40 164 5 18 32 105 109 122 138 165 166 77 56 145 338 249 64 61 123 12 16 53 41 49 223 479 57 60 82 36 37 112 293
41 166 42
42 165
43 18 166 45
44 164 18 31 109 122 138 165 166 56 338 249 45 363 106 112 104 123 16 53 43 60 82 242
45 165
46 14 138 165 338 363
47 164 14 18 31 46 109 122 138 165 166 77 56 338 36 363 129 112 78 74 80 75 123 16 37 60 82 130 15 119 57
48 18 138 165
49 164 18 138 165 166 48 11
50 164 18 138 165 166 56 145 249 293 144 115
51 18 166 138
52 138 165 166 145 249 479 293 51
53 164 18 31 122 138 165 166 56 145 338 249 479 363 293 106 116 244 206 123 117 223 57 60 82 142 242 248 37
54 18 165 166
55 164 18 165 166 145 249 479 293
56 144
57 164 18 31 32 138 165 166 249 104 226
58 18 76 138 165 166 338
59 164 14 18 31 32 122 138 165 166 77 56 338 363 0 1 58 112 80 4 123 53 57 82 15 130 119
60 164 18 138 165 166 56 145 249 61 64 479 139 293 49
61 165 89
62
63 18 165 64 62
64 18 61
65 166 64 63 62
66 138 165 166 338 68
67 164 122 138 165 166 338 61 64 24 123 53 66 89
68 165 89
69 18 138 165
70 164 18 32 138 165 166 69 4
71 18 138 165 166
72 122 138 165 338
73 164 18 122 138 165 166 338 363 0 1 58 71 123 107 53 59 82 72 57
74 31 138 165 166 77 118 104 119
75 18 32 76 138 165 166 77 118 91 8 130
76 18 138 54 165
77 164 18 31 32 76 138 165 166 54 12 479 57 56 118 145 249 293
78 31 32 76 138 165 166 77 145 118 249 293 144
79 18 166 138 165
80 164 18 31 32 76 138 165 166 77 56 118 104 88 91 115 57 8 130 119
81 164 18 31 32 46 76 79 92 122 138 165 166 77 56 343 362 57 47
82 164 5 18 31 32 105 122 138 165 166 56 338 343 249 61 64 363 6 104 4 123 16 53 231 12 223 57 225 248
83 18 138 165
84 166
85 76 122 138 165 338 363 83 87
86 164 18 31 122 138 165 166 77 56 145 338 249 479 363 69 136 0 293 83 110 85 87 1 58 71 25 51 112 104 4 49 59 37 123 142 73 53 70 57 52 82
87 165
88 164 18 31 138 165 166 56 118 50 115 91 57 8
89
90 164 18 122 138 165 166 56 145 338 249 479 69 293 123 53 70
91 164 18 138 165 166 56
92 46 76 138 165 105
93 122 138 165 338 95 83
94 164 18 31 122 138 165 166 56 145 338 249 479 95 363 7 69 136 293 93 83 110 89 58 71 51 104 4 70 123 52 16 53 37 60 59 82 57 142 55 73
95 165
96 164 32 122 138 165 166 77 338 97 363 75 123 107 53 82 130 57
97 165
98 164 18 32 109 122 138 165 166 77 145 26 338 249 479 103 36 293 101 112 123 53 57
99 164 138 165 166 338 100 101 123 53 102
100 165
101 166
102 164 18 31 32 122 138 165 166 77 56 145 338 343 249 479 363 293 101 74 123 53 60 82 57
103 165
104 18 31 32 138 165 166 145 249 293 144
105 5
106 18 138 249 165
107 164 5 18 165 166 56 249 106 6
108
109 105 138 64 165 112
110 166
111 166
112 164 5 18 31 32 105 109 122 138 165 166 77 56 145 338 249 61 64 479 139 36 363 293 6 4 123 12 16 53 49 11 223 57 60 82 37
113 18 166 128
114 164 18 165 166 145 249 479 293 113
115 138 166 145 249 293 144
116 18 138 165
117 32 138 165 166 77 338 363 116 128 123
118 18 31 138 165 166 115
119 164 18 138 165 166 56
120 18 166 138 165
121 164 14 18 76 122 138 165 166 77 56 338 363 112 104 75 117 123 16 53 120 74 57 60 82 15 107 130 80
122 105 138 165 338
123 164 5 14 18 32 105 122 138 165 166 77 56 338 61 64 363 6 89 58 116 112 104 121 120 4 117 59 16 53 223 57 60 82 107 37
124 122 138 165 338 125 126
125 164 18 31 32 76 122 138 165 166 77 56 145 338 249 479 363 69 0 293 110 1 58 71 4 52 123 51 126 59 53 70 73 124 57 60 90 37 112
126 165
127 166
128 164 18 32 165 166 56 116 117
129 164 5 18 105 138 165 166 61 64 139 36 6 141 12 49
130 164 18 31 32 138 165 166 77 56 107 115
131 166
132 166
133 166
134 166
135 166
136 166
137 166
138 14 18 32 46 76 105 166 69 71 11 49 165 156
139 164 165 166 56 145 249 479 293
140 18 165
141 164 18 31 109 122 138 165 166 77 145 338 343 249 61 64 479 36 0 293 1 58 112 104 140 123 53 60 59 35 57
142 18 165 166
143
144 18 145 479
145 165 479 293 249
146 166 145 249 479 293 144
147 164 31 32 109 122 138 165 166 77 56 145 338 343 249 479 36 363 4 123 53 150 223 57 60 82 149 112 293
148 164 14 31 122 138 165 166 77 145 338 249 479 363 149 293 110 58 71 150 51 112 52 123 59 16 53 73 57 82 37
149 138 165 166 151 145 338 249 479 293
150 164 14 31 32 122 138 165 166 56 145 338 249 479 363 149 293 110 71 121 117 123 53 148 73 116 82 107
151 165
152 164 14 18 31 109 122 138 165 166 56 145 338 343 249 479 363 293 159 112 104 123 107 16 53 60 153 154 57 82
153 165
154 165
155 164 5 18 105 138 165 166 61 64 159 156 161 6 39 157
156 18 105 138 165 145 163 249 64 479 293 38 63 161 155
157 164 5 18 105 138 165 166 61 64 156 158 161 6 4 155 37
158 122 138 165 145 338 163 249 479 293 156 161
159 164 14 18 31 32 109 122 138 165 166 56 145 338 343 249 61 64 479 363 293 123 16 53 161 157 57 156 60 82 107 155 104 158 112 152
160 164 18 165 166 156
161 18
162 165
163 165
164 81 18 5 4 166 2 138 3 122 123 31 76 16 6 109 57 60 77 165 82 15 46 92 79 105 36 139 37 47 32 112 338 343 363 362
165 92 109 122 138 166 143 26 106 165
166 18 31 32 105 109 122 138 165 63 144 48 249 11 479 116 56 145 338 363 293 150
167 166
168 165 143 142
169 164 18 122 138 165 166 338 123 53 170
170 165
171 164 18 138 165 166 338 363 58 123 53 172
172 165
173 164 18 122 138 165 166 338 363 71 123 53 174 73
174 165
175 176
176
177 164 165 26 338 343 363 176 189 193 195 178 175 188 192 194 82
178 165
179 164 165 26 343 178 177
180 164 165 26 343 363 178 177 82
181 164 165 26 343 178 177
182 195 194 175 193 189 188 176 192
183 164 165 343 178 177
184 164 165 26 343 363 178 177 82
185 164 165 26 343 178 177
186 164 165 26 338 343 178 177 123
187 164 165 26 338 343 178 87 177 123
188 189 195
189
190 164 165 26 343 178 177
191 164 165 26 343 178 177
192 193
193
194 195
195
196 197
197 166 145 230 198 249 479 243 293
198
199
200 145 230 249 479 293 243 220 224 223
201 230
202 145 230 249 479 211 293 203 223
203 230 249 479
204 145 230 249 479 293 243 224 203 220 202
205 230
206 166 145 230 249 479 208 211 197 293 243 226 223
207 145 230 249 479 208 211 293
208
209 145 230 249 479 211 293 210
210
211
212 213
213 145 230 249 479 211 293 226
214 145 230 249 479 211 293 243
215 145 230 249 479 211 293 222 226 223
216 230 220
217 219
218 145 230 249 479 198 293
219 145 230 218 198 249 479 211 293
220 145 230 249 479 208 211 293 221 243 226 224 223 248
221 145 230 249 479 208 293 209 243 224 206 223 207
222 145 230 249 479 293
223 145 230 249 479 208 211 293 243
224 145 230 249 479 293
225 145 230 249 479 211 293 222 226 223
226 230 249 211
227
228 230
229 145 228 230 249 479 214 211 226 238 201 246 205 208 248 293
230 145 249 211 479 230 293 202 223
231 145 230 249 479 211 293 222 226 223
232 166 230 249 211 244
233 230 249 211 232
234 230 249 232
235 145 230 249 479 211 293 223
236 145 230 249 479 293 243 226
237 230 208 247
238 230
239 230
240 241
241 145 230 249 479 211 293
242 145 230 249 479 211 293 219 223
243 145 230 249 479 211 293 223
244 249
245 145 230 249 479 208 211 293 220 224
246 230
247
248 145 230 249 479 211 293 235 244 216 224 223
249 145 89 479 293 244
250 251
251
252 250 251 253
253 251
254 165 338 356 257 256
255 338 343 281 363 286 257 284 256
256 343 258 382
257 363 382 258
258 382 285 286 284 336
259 263 261 285 286 267 260 262 266
260 261 285 267 286 258
261
262 263 262
263 262 261 267
264 356 263 265 261
265 382 261 267 257
266 343 263 261 268 267 265 260 262 270 266
267 343 261 382 266 258
268 261 267
269 343 263 261 285 286 267 260 284 262 270
270 356 261 285 267 258 284 286
271
272 271
273
274 271
275
276 275 349 271
277
278 368 382 275 281 285
279 275 276
280 285
281 275 284 272 285 287
282 278 272 285
283 275 271 284
284 275
285 275 284 283 287 271
286 285 271 284
287 275
288
289 275 271
290 166 145 249 479 291 293 292 296
291 292
292 145 249 479 291 293 295
293 291
294 145 249 479 291 247 293 292
295 145 249 479 291 293 292
296 166 145 249 479 291 293 292 295
297 275 272 273 271 274
298 275 276
299 278 285
300 275 285 286
301 280 302
302 271 280
303 289 275
304 305
305 310
306 307
307 310
308 309 305 278
309 305 310
310
311 312
312
313 281 279
314 278 349 348 315
315 348 278
316 281 278 366 348 349 317
317 348 278
318 278 348
319 278 349 348 320
320 348 278
321 281 278 349 348 372 322
322 348 278
323 281 278 349 348 387 324
324 278 348
325 277 365 356 275 313 281 279 278 383 335 326 285 276
326 275 343 278 325 281 285 276 279
327 365 328
328
329 365 382 275 281 279 278 380 383 326 335 276 330
330 313 281 348 380 326 335 275 279
331 277 365 328 325 326 335 330 302 333
332 285 286 280 333
333 286 280
334 277 365 275 289 281 278 272 326 335 285 280 333
335 289 343 313 281 279 278 272 284 280 275 285 287
336 382 357
337 356 382 343
338 122 382 165 377
339 365
340 338 10
341 356 382 343 377
342 382
343 338 368 382 357 363 362 342 92 377
344 284 382 338 285
345 338 356 382
346 338 382
347 165 151 382 348 383
348 365 368 382 349 451 351 383 379 377
349
350 165 382 348 383
351 382
352 165 343 348
353 165 382 343 348 383 429 352 351 424 361
354 382 342
355 338 382 45
356 338 382 368
357 368 382 384 377
358 165 382 348 42 357 68
359 365 382 351 358
360 338 382 68
361 165 382 348
362 382 165
363 382 166 357 342
364 338 382 343
365 382 338 342 291
366 365 382
367 365 382
368 382
369 338 382 343
370 382 338 356
371 338 382 343 342
372 365 382
373 338 356 382
374 382 343 376
375 338 382 343
376 338 356 382
377 368 382
378
379 382
380 382 348
381 382 348
382
383 382 348 351
384 382
385 382 343 387
386 165 365 382 343 348 351 387
387 338 356 382
388 382 342
389 338 382
390 164 165 338 343 391 123
391 165 338
392 164 165 338 343 163 123 53 391 15
393 165 338
394 356 382 337
395 165 338 356
396 398
397 398 396
398 396
399 419 356 340 361 339
400 340
401 382 341
402 165 365 338 343 363 342 357
403 365 382 343 348 383 350 404 439 440 476 367 376 351
404 365 382 348 440 351 403 439
405 165 344 151
406 165 365 343 23 345
407 346 28
408 409
409 349 386 408
410 348 451 383 433 411 347 409
411 151 348 451 383 450 409
412 165 382 343 349 348 36 411 347 112 414 416 37 57
413 348 386 347 414 416 415
414 348 347
415 416
416 409
417 164 165 365 382 343 349 348 451 383 398 350 476 351 421
418 419 349 348
419 418 365
420 382 421
421 382 343 377
422 350
423 382 479 351
424 164 165 338 343 348 36 429 352 112
425 348 426 451 383 429 353 351 361
426 451 386
427 165 338 382 349 348 383 36 398 476 429 352 42 353 351 112 424 57 37 361
428 165 382 429 352
429 353 165 352 42 361
430 165 151 382 343 349 348 386 36 431 433 468 435 112 57 37
431 165 348 382 433
432 382 349 348 451 383 386 431 433 351
433 348 451 386 398 351 382 383 450
434 386 431 433 435
435 348 431
436 165 338 343 391 366 456 473 354
437 165 356
438 165 382 343 349 348 103 36 404 439 440 367 112 37 57
439 165 348 440
440 365 348 451 383 450
441 165 357 336
442 165 382 343 349 348 36 398 112 360 358 359 57 37
443 419 356 360 358 359
444 360
445 165 419 338 382 343 349 348 383 36 398 429 352 42 353 112 424 361 57 37
446 165 368 382 362
447 165 365 338 382 363
448 165 364 87
449 165 365 356 343 291 380 451 383 398 476 290 381 296
450 451
451 365 348 351 450
452 165 419 338 356 366 372 353 351
453 356 291 383 373 440 376 404 439 476 367
454 165 369 95
455 166 370 356 97
456 165 343 372 371 473 436
457 165 419 370 338 356 291 366 372 353 351
458 103 100 373
459 376 374
460 103 375
461 343 103 376
462 377
463 378
464 379
465 380 381
466 381
467 164 165 151 382 343 348 386 468 431 398 433 350
468 151 382 348 431
469 365 479 349 348 383 351
470 385 387 337
471 356 383 386 431 433 387
472 165 151 365 343 387
473 165 343 393 456 388 436
474 165 338 163 162 389
475 398 476
476
477 145 249 479 293
478 145 249 477 479 293
479
480 291
481 165 365 343 348 350 482 381
482 349 348
483 165 338 356 123 53
484
485 365 343 349 348 350 487
486 365 343 349 348 350 381
487
