# GMT Fri Oct  8 08:25:38 2021
# 
0
1
2
3
4 21 117 11
5
6 14 11
7 20 21 117 152 19 57 14 52 196 11
8 14 11
9 14
10 20 21 72
11 20 21 44 14 19 2
12
13
14 20 117 129 99 15 592 95 0 11 14
15 18
16
17
18
19
20 129 22 18 14 21 203 95 96 11 44 42
21 19 14 117
22
23
24 20
25
26
27
28
29
30
31 14 11 132
32
33 99 7 15 35 197 34
34 11
35 15
36 7 152 13 37
37 11 13 1
38 39
39
40 20 21 44 108 110 11 41 42 109 107
41 44 110 11 20 42 21 108
42 21 44 96 129
43 44 96 129 7 14 42 357
44 129 14 2 43 96 42
45 14 46
46
47 20 21 117 14 11 94 93
48 7 14 19 11 3 279 214 131 49
49 214 11
50 20 7 11 131 12 24
51 20 96 99 7 14 19 52 11 22 51
52 20 19 22 283 18 51 144 11
53 11 6 54
54
55 294 21 117 99 7 14 15 11 35 5 125 148 121 138 26 56 139 305
56 99 140 15 14 139 11
57 294 20 21 44 117 99 7 199 14 19 592 15 52 11 152 10 4 35 5 6 278 279 594 613 630 202 196 42 214 357 31 590 265 57
58 99 7 14 11 3 195 8 357
59 99 7 60 125 164
60
61 7 14 11 62
62
63 20 14 64
64
65 294 20 44 96 117 129 7 199 14 19 592 15 52 203 11 3 29 136 140 4 72 74 35 5 6 195 197 87 279 630 202 66 121 138 196 273 70 23 813 158 288 590 131 46 119 91 284 43 65
66 20 21 99 7 14 592 52 11 18 140 144 72 287 138 41 15 273 65 288 279 203 196
67 99 7 14 11 13 357
68 20 21 96 117 99 14 19 11 42
69 20 21 96 99 7 14 19 15 11 4 72 35 195 202 121 196 70 154
70 21 7 11 10 72
71 20 96 117 7 14 19 11 72 70 42
72 21 11
73 20 21 117 99 7 14 72 93 74
74 11 94 21 93 117
75 7 14 3 87 9
76 7 199 3 195 9 77
77 164 222
78 20 7 79
79
80 7 14 81 106
81
82 20 7 14 3 13 83
83
84 44 96 7 85
85 44 96
86 87
87
88 7 89
89 281
90 99 7 14 19 11 195 204 91
91 11
92 21 4 102 103 197 626
93 20 21 96 7 199 14 19 592 15 11 152 94 35 195 202 121 196 46 151
94 20 21 96 7 11 152 196
95 294 20 21 96 117 129 99 7 199 14 19 592 15 52 11 18 4 72 35 195 197 594 602 291 202 66 121 196 70 590 22 85 46 12
96 20 44 22 41 72 14 42 121 7 196 11 0
97 99
98 99 97
99 97
100 99 7 14 19 11 101 13 42 159 162 26
101 13 159 160 11
102 7 14 15 11 103 195 197 204 35 5 6
103 20 7
104 7 30
105 106
106
107 44 96 108 110 14 11 40
108 21 110 14 146 44 11
109 108 110
110 44 108 41 42
111 21 19 4
112 20 7 14 113
113
114 21 117 7 115
115 21 117
116 21 117 99 7 14 592 115
117 21 14 592
118 20 7 14 11 119
119 18 144 156
120 294 20 21 44 96 117 129 7 14 592 11 18 10 72 66 121 196 42 57 95 65
121 20 117 18 72 14 11
122 99 7 199 14 15 11 102 35 6 195 197 91 123
123 103 91 102
124 7 125
125
126 99 7 19 152 13 127
127 11 13 17
128 129 5
129 20 128
130 20 99 7 14 11 94 291 131 12 24 25
131 11 144 20 25 24
132 7 14 592 11 594 613 31
133 99 7 14 11 18 195 138 26 143 134
134 18 144 26 14 11
135 14 136 26
136
137 99 7 11 5 6 125 138 26
138 14 26 137
139 20 14 15 11 18 140
140 15 18 20 14 11
141 142
142
143 20 14 11 18 144
144 18 20 14 11
145 44 96 99 14 11 202 146 43
146 21 96 14 44 11
147 7 14 15 11 148
148 14 27
149 7 14 150 60 23 106
150
151 152
152
153 20 21 44 96 117 129 7 14 19 11 18 94 10 144 154 42 93 151
154 7 14 94 10 21 93
155 99 11 156
156
157 20 7 14 11 158
158 156
159 99 7 14 19 11 160 13 42 162 161 26
160 13 162 161 11
161 99 7 14 19 11 152 13 42 162
162 11 13
163 20 7 199 60 5 6 195 357 164 222 106 163
164 199 14 203 222 163 244
165 99 7 19 32
166
167
168 17
169
170 169
171
172 20 14 173 169 170
173 169
174
175
176 177
177 178
178
179 180
180 7
181 20 7 14 173 170 169 442 440 438 586 584
182 183
183 190 177
184 190 178 183
185 190 177 178 183
186 190 177 178 183
187 190 177 178 183
188 183 178 177 190
189 7 173 169 190 177 178 183 180 193
190 169 170 183 178 177
191 7 173 190 177 178 180 193 189
192 171
193 7 199 169 190
194 190 177 178 193
195
196
197
198
199
200 201
201
202 11
203
204 20 14
205 20 7 11 152 8 265 206 131 12 24
206 11 24
207 7 208
208 218 217
209 217 7 210
210 217 218
211 218 7 217 212
212 218
213 7 11 214 79
214 9
215 7 197 216 227 214
216 218 254 227 228
217 99 218 7 199 14 11 202 263 240 198
218 199
219 220
220
221 7 14 195 222
222 203 196
223 7 224
224 218 254
225 7 226
226 218 217
227 7 11 197 228
228 218 254
229 7 11 197 230 227
230 218 254 228 227
231 7 217 202 232
232 218 7 217
233 218 7 217 267 291 234
234 218
235 7 236
236 218 217
237 7 238
238 218 217
239 240
240 218 217
241 7 242
242 218 217
243 7 244
244 218 217
245 291 246
246 218 291 254
247 7 248 227
248 218 254 228 227
249 7 250 270
250 218 254 270 200
251 217 252
252 218 217
253 218 7 11 197 217 254
254 218 198
255 7 256
256 218 254
257 20 218 7 199 203 195 240 202 259
258 218 7 199 14 19 203 11 3 195 197 202 261 259 258
259 196 203 258
260 7 199 203 195 196 261
261 203
262 21 99 218 7 199 14 19 15 11 195 197 279 263 216 214 357 265 206 352 259 49
263 14 11 197
264 20 7 14 11 18 144 265 131 206 264
265 264 11
266 267 291
267 291
268 7 199 14 204
269 270
270 201
271 20 21 96 99 14 11 626
272 21 99 14 19 15 11 273
273 14 15 11 18
274 275 20 21
275 294 375 274 96
276 275 20 21
277
278
279
280
281 292 294
282
283
284
285
286 287
287
288
289
290 7 291
291
292 294 44 99 14 278 279 281 357 43 292
293 294 99 110 7 14 19 15 3 4 35 195 197 278 279 202 138 196 357 309 131 284
294 19 20 40 99 91 21 279 108 96 309 11
295 294 20 96 99 14 197 34 12 305 284
296 294 20 21 96 99 14 197 34 284
297 294 20 21 96 117 99 14 19 195 326 274
298 294 20 21 44 96 108 99 110 14 357
299 110 20 99 21 294 44 96
300 294 20 21 44 96 99 14 11 195 197 278 279 281 309
301 294 20 21 44 96 117 99 14 169 170
302 294 20 21 96 99
303 294 20 21 44 96 99 110
304 99 7 14 305
305 14
306 294 20 21 96 11 278 279 281
307 294 20 21 44 96 99 110 14 43
308 294 20 21 44 96 99 7 14 15 52 11 35 195 197 278 279 281 263 357 309 286 288 131 283 89
309 294 278 279 281 287 20 14 21 44 11
310 294 20 21 96 99 14
311 294 20 21 44 96 99 14 357 282 43
312 294 20 21 96 99
313 294 20 21 44 96 99 110 35
314 294 20 21 44 96 99 110 43
315 294 20 21 96 99 14
316 294 20 21 44 96 99 110 14 43
317 294 20 21 96 117 99 110 7 14 19 102 103 6 195 352
318 294 20 21 44 96 99 110 199 14 15 3 277 35 103 195 197 278 279 281 289 202 196 287 9 288 286 309
319 294 20 21 96 99 14 11 195 197 278 279 281
320 294 20 21 44 96 99 14 11 197 278 279 281
321 294 20 21 44 96 99 110
322 294 20 96 99 7 199 14 204 125 148 34 27 284
323 294 20 21 96 99 14 52 11 357
324 294 96 117 99 7 14 11 60 5 6 195 375 377 275 326 274
325 7 326
326
327 294 20 21 96 99
328 294 20 21 96 99 14 11 279 281 122 123
329 294 20 21 44 96 99 110
330 294 20 21 96 99 14 195 197 336
331 294 20 21 96 117 99 14 19 15 4 35 197 278 279 285
332 294 20 21 44 96 99 110
333 294 20 21 44 96 99 110 43
334 294 20 21 96 99 14 5 134
335 294 20 21 96 99 110 199 14 11 4 195 197 278 281 336 285 280
336 294 7 279 20 283 281 21 11
337 294 20 21 96 99 110 19 309
338 294 20 21 96 99 14 11 122 123
339 294 20 21 44 96 99 110 14 11 275 324
340 294 20 21 96 99
341 294 20 21 96 99 14 18 144 125 148 147
342 294 20 21 44 96 99 110
343 294 20 21 44 96 99 110 14 11 43
344 294 20 21 44 96 99 110 43
345 294 20 21 44 96 99 110 14 52 11 283 43
346 294 20 21 44 96 99 110 19 52 11
347 294 20 21 44 96 99 110 14 52
348 294 20 21 96 99 110 199 14 15 3 144 35 195 197 281 278 279 289
349 294 20 21 96 7 14 11 18 144 143
350 294 20 21 44 96 117 99 110 14 195 326 276
351 14 357 352
352 14
353 294 21 117 99 7 14 19 15 11 140 152 4 35 6 278 279 125 148 121 138 26 56 357 27
354 294 20 21 117 99 7 355 14 19 15 52 35 197 630 66 121 196 42 26 357 131 46
355 20 19 21 52 26 357 66
356 294 21 117 99 7 14 19 11 4 56
357 52
358 294 20 99 7 359 355 360 19 5 6 66 142
359 294 117 99 19 355 354 360 359
360 294 355 359
361 117 99 359 360 19 11 4 6
362 117 99 360 14 19 11 4 275
363 7 364
364 366
365 366 364
366
367 20 21 44 96 108 99 110 14 15 35 197 368 107
368 21 108 20 110 107
369 21 99 14 11 4 368
370 371
371
372 7 376 373 377
373 377
374 14 375 275 324
375 275
376 7 14 60 375 377 374 324 372 275
377 373 375
378 377 383 379
379 377
380 381 383 384 380
381 380
382 375 377 275 324 388 381 276 371 374 383 386
383 375 377 374 275
384
385 377 388 371 383 384 386 382
386 275 388 383
387 377 388 381 383 384 386
388 386 381
389 14 375 377 275 324 371 374 390
390 375 377 374 275
391
392
393 436
394 14 11 391 425 428 434 395 399 402
395 14 415 426 425 400 434
396 44 99 7 11 392 436 391 417 430 428 434 397 424 412 419 435 411 43
397 44 99 392 436 391 430 434 424 412
398 392 436 397 399 402
399 397 424 392 400 436
400
401 14 11 436 391 402 404 435
402 11 392 436 391
403 14 11 436 404 416 419
404 393 436 11
405 436 406 416
406 393 436
407 426 430 408 410 432 431 409
408 430 407 432 410 426
409 426 408 410
410 408 409 426
411 412
412 411
413 129 14 11 5 436 391 401 404 414 435
414 11 402 401 436
415 434
416 436 417
417 436 393
418 7 392 436 391 430 434 421 419 433
419 433 421 392 430 391
420 421
421 420
422 44 436 430 434 423 397 396 43
423 396 397 44
424 11
425 391 415 426 428 430 434
426 391 415 430 434
427 44 99 11 391 425 415 426 430 428 434 397 408 410 421 432 419 409 43
428 44 391 415 426 430 408 421 432 427 397 410 434 11
429 430 434
430 429 434
431 7 11 391 425 426 430 428 408 410 432 419 433 427
432 11 428 433 408 31 410 431 426 430
433 430
434
435 436 393 416
436 393 417 416 435
437 436 438 416
438 393 436
439 436 440 416
440 393 436
441 436 442 416
442 393 436
443 7 444
444 218
445 7 14 11 543 533 556 446
446 218 254
447
448
449 448
450
451 20 96 99 19 495 476 550 284 452
452 495 550 34 284
453 7 476 454 508
454 476
455 7 449 580 456 505 579
456
457 7 449 580 458 519 579
458
459 7 460 569 579
460 449 580 579
461 20 21 96 11 476 397 464
462 20 21 96 11 460 573 476 397 464 481
463 44 14 19 11 392 556 426 430 428 397 395 43 464
464 11 391 476 426 428 31 44
465
466 476 467
467 476
468 20 21 96 99 11 476 503 525
469 20 21 96 99 11 476 470
470 495 481 21 476 11
471 7 472
472
473 20 21 96 11 495 476
474 20 21 96 11 476 553
475 294 21 44 96 117 99 14 19 592 11 448 543 594 613 476 503 556 202 196 517 42 550 590 131 582 146 454 481 541 467 499 558 40 43
476 96 448 449 41 499 517 14 503 146 556 42 21 481 541 467 454 550 582
477 21 99 7 14 11 4
478
479 20 21 96 99 11 476 503 525
480 476 481
481 476
482 99 7 11 483 484 478
483
484
485 20 21 96 99 19 11 476 486
486 495 503 550 499 21 481 476 11
487 20 21 96 99 7 14 19 450 11 449 580 103 476 458 517 553 550 519 488 505 486 481 541 467 499 475
488 21 476 503 553 550
489 20 21 96 11 512 476 490
490 495 503 21 476 11
491 20 21 96 11 495 476
492 20 21 96 99 19 11 460 569 476 553 481 493
493 503 553 550 481 21 476 11
494 99 569 460 512 495 543
495 553
496 20 21 96 19 11 476 497
497 103 503 525 550 541 21 476 11
498 476 499
499 476
500 99 7 450 580 447 556 501 579
501 447
502 7 11 476 503 556 447 465
503 7 476 502 556
504 7 450 449 580 476 556 505 501 579
505
506 20 21 96 99 11 476 503 525
507 20 21 96 99 7 450 11 512 476 508 481 541
508 495 503 556 582 454 21 481 541 476 11
509 20 21 96 99 11 476 510
510 503 553 481 21 476 11
511 7 580 512 579
512
513 20 21 96 11 476
514 7 450 580 515 579
515
516 7 476 517
517 7 476
518 7 450 449 580 515 519 579
519
520 521 527 523 472
521 523 472
522 20 21 96 99 7 450 11 521 527 529 533 476 523
523 525 517 21 476 11
524 21 476 525
525 495 21
526 7 448 527 580
527 521
528 7 521 449 580 579 529 527
529
530 20 21 96 99 19 11 460 569 531 476
531 503 21 481 541 553 476 550 582 11
532 7 580 533 579
533
534 7 448 449 580 533 535 579
535 449 580 579
536 537
537 525 535
538 20 21 96 11 476 537
539 20 21 96 11 476 537
540 476 541 475
541 476
542 7 450 580 543
543 580
544 20 21 96 99 11 476 503 525
545 20 21 99 14 19 11 476 550 134
546 20 21 96 11 476 423 464
547
548 294 20 21 96 11 476 517 458 553
549 476 550
550 476
551 448 449 580 579
552 99 7 476 553
553 476
554 20 21 96 99 14 19 11 18 144 476 148
555 20 21 99 7 14 450 11 512 543 533 476 556 515 454 481 501 567
556 503 21 481 541 553 476 582 11
557 20 21 96 11 476 483 558
558 11 495 21
559 20 21 96 99 11 476 553 582 541
560 561
561
562 20 21 96 99 11 495 456 476 556 458 519 505 561
563 20 21 96 99 19 11 476 553 481 564
564 503 553 550 561 481 21 476 11
565 20 21 96 11 18 144 476 553
566 7 450 512 567 579
567 449 580 579
568 7 449 580 512 569 567 571 579
569 449 580 579
570 99 7 512 472 567 571
571 472
572 44 448 460 512 569 573 436 391 476 417 574 547 575 435 567 475
573 460 392 547 436 391 476
574 436 547 575 416
575 393 547 436
576 20 21 96 99 11 456 476 556 458 553 519 505 561
577 20 21 117 99 14 19 11 18 476 578 475 42 143
578 11 18 495 144 503 577 20 475 14 31 21 143 476 550
579 449 580
580 448 449
581 476 582
582 476
583 436 582 454 416 584
584 393 436
585 436 581 582 586 416
586 393 436
587 7 588
588 634
589
590
591 20 7 14 592 11 3 594 602 613 589 630 634 590 22
592 14 18 602 594 144 589 11
593 99 7 14 19 592 11 3 594 602 613 615 621 589 630 634 121 196 42 606 620
594 11 22 613
595 21 117 99 7 14 19 592 11 152 612 604 613 615 589 630 606 607 609 596 631 611
596 604 613 615 589 606 607 609 598 632 14 21 630 631 611 11
597 7 14 613 598
598 14 613 589
599 99 7 11 615
600 615
601 7 11 594 602
602 11
603 7 14 11 604 613 589 606 607
604 615 609 606 607 613 605 11
605 7 11 606
606 11 607
607 7 11
608 7 14 11 607 609
609 7 11 607
610 7 14 11 607 611
611 11 607
612 99 7 14 19 15 11 3 4 615 600 616 603 621 634 602 630 604 613 594 619 589
613 11 612 600 604 617 615 609 606 594 589
614 99 7 199 14 19 203 11 195 600 613 615 196
615 600 613 203 11
616 14 15 11 613 617 619 590
617 613 619
618 99 7 14 15 11 613 617 619 589 590
619 7 11 613 617
620 21 99 7 14 19 592 15 203 11 3 150 6 612 594 613 621 589 630 634 590 623 591 596 593
621 14 590 203 594 589 11
622 99 7 199 19 203 11 613 615 621 589 623 614 622
623 203 615 622
624 20 21 117 99 7 14 11 94 93 151
625 20 21 96 11 626
626 21 96
627 20 21 96 117 99 11 4 628 125 93
628 14 94 21 93
629 20 99 14 148 628 125
630
631 96 117 99 7 14 19 15 11 637 4 74 35 5 6 195 630 125 148 121 138 26 357 27 632
632 11 630 638 56
633 20 7 19 11 4 5 6 195 630 634 66 121 196 70 357
634 66
635 21 117 99 7 14 19 11 4 630 56 632 631
636 20 7 14 592 15 11 637 139 150
637 14 20 18 15 139 140 11
638
639
640 99
641 639
642 672 641 639
643
644 641
645 643 646 672 641
646 643 641 672
647 648 641
648 641
649
650 729 19 640 651
651
652
653 641 644
654
655 656
656
657 21 14 11 658 10
658 641 14
659 770 798
660 770
661 643 690 700 694 770 798
662 729 768 770 798 703
663 672 641 665 640 667
664 665 640 667 666
665 648 641 667
666 672 641 665 640 667
667 641 658 665 640
668 641 665
669 729 733 14 658 150 703 670
670 641
671 672 729 733 19 656 641 640 651
672 641 651 7 729
673 676 684 3 674
674
675 643 690 7 14 19 700 694 676 3 684 682 658 678
676 720 29
677 690 733 695 641 678 684 658
678 729 700 720
679 680
680
681 7 682
682
683 733 695 707 11 684 10
684 14 695 18 144
685 690 695 700
686 695 641
687 643 672 729 690 733 19 695 700 707 656 641 719 640
688 643 690 695 700
689 690 700
690 641 695 700 652 729 707
691 643 672 640 692
692 641
693 643 729 690 700 656 641 654 694 640 732 692 691
694 690 700 641
695 641 720
696 643 690 695 700 707
697 729 695 707 641 720 698
698 729 700 707 641 720 695
699 643 690 700 707
700 641
701 690 695 700
702 729 690 733 695 700 707
703 20 21 649 672 729 733 14 19 11 152 10 42
704 690 733 695 700 707
705 729 690 733 700 641 640
706 649 729 733 695 707 720
707 643 729 695 720 703
708 733 707 709
709 707 730
710 729 695 707 641 711 720
711 700 707 641 720 695 729
712 729 690 733 700
713 690 695 700 642
714 695 641 720
715 643 672 729 690 733 695 700 707 641 711 722
716 729 690 695 700 722
717 690 700 707 711
718 690 733 695 700 707 639 686
719 729 695 707 654 720 706 724
720 695 654 719 729 707
721 690 733 695 700 707
722 729 695 700 641 720
723 672 729 733 19
724 695 641 720
725 690 695 700
726 643 690 695 700 707
727 729 690 695 700 722 642
728 690 695 700 707 640
729 20 19 14 7 11
730 695
731 729 690 695 700 720 640 732
732 641 690
733 20 21 729 641 14 11
734 643 690 733 695 700 709 730
735 786 736 735
736 786 735
737 792 643 690 695 700 640 740
738 792 643 729 690 733 695 700 707 641 658 640 740
739 747 772 643 646 649 672 729 695 700 707 641 654 658 720 740 786 799 670 722 766 785
740 747 748 772 646 672 729 733 700 641 654 720 786 695 785 707
741 760 643 729 690 733 14 19 695 700 707 776 11 3 4 640 740 754 786 766 759 703
742 771 772 792 643 672 690 695 700 641 640 651 642
743 792 643 690 733 695 700 707 640 719
744 760 648 672 656 641 654 787 788 640 745 647
745 654 788 786 787 760 641
746 747 772 643 672 729 690 733 19 707 656 794 711 640 740 651 766 778 739 785 758 757
747 641 672 651 794 729 740
748 648 797 672 707 646
749 748 792 797 643 672 690 733 695 700 707 640 740 651 722
750 20 21 772 643 649 672 14 19 776 11 150 60 6 630 640 756 42
751 99 7 14 19 11 3 658 4 752 786 638
752 760 786 638
753 20 760 643 649 672 7 14 19 656 654 11 3 658 4 640 138 754 786 638 26 357 27
754 20 760 654 786 638 11
755 20 760 772 643 672 7 14 19 695 707 11 684 694 3 658 18 752 786 756 754 799 798 143 638 759 739 740 784
756 772 646 14 18 144 20 651 638 143 11
757 643 648 690 700 707 656 641 711 640 740 790 739 647 758
758 648 690 641 711 790 700 740 707
759 760 648 672 647
760 648
761 797 690 762
762 732 797
763 797 643 690 700 656 641 640 764 692 762 691
764 797 694 692 700
765 695 786 766
766 729 695 736 786
767 772 649 672 776 641 658 670 768
768 772 658
769 760 772 729 658 644 788 740 784 786 670 768 770 745 739 703 780
770 772 644 799 729
771 648 760 690 747 772 748 797 672 782 647 700 792 643 729 759 649 733 646
772 747 748 760 648 690 641 797 782 672 700 792 729 646
773 747 772 782 792 643 648 672 19 656 776 641 658 640 651 774 764 775 642 647
774 643 646 651 641
775 747 772 782 792 643 648 649 690 19 700 656 776 641 654 694 658 640 774 764 773 647
776 747 772 797 648 672 690 700 641 782 654 774
777 641 778
778 641 786
779 780
780 786
781 747 772 782 797 672
782 747 760 772 672 643
783 760 772 656 640 740 784 786 735 736 759
784 760 740 736
785 643 646 672 695
786 641
787 760 648 672 641 654 647 788
788 760 648 672 641 654 786
789 690 700 641 790
790 641 690 700
791 792 643 672 690 19 695 700 640 651 719
792 772 690 641 695 672 651 700
793 797 648 729 690 733 700 641 794 640 647 642
794 643 648 690 641 797 700 733
795 641 794
796 792 797 672 729 690 733 700 641 11 711 740 698 703 642
797 690 641 672 700 652 729
798 747 649 695 776 641 640 740 799 774 775 773 739
799 740 641
800
801 21 117 7 14 19 11 3 4
802 21 99 7 14 19 15 10 72 35 195 197 808 626 196 42 800 805 803
803 626 42 21
804
805
806 21 800 803
807
808
809 20 21 96 117 99 7 199 14 19 15 52 860 11 3 72 35 195 197 594 202 821 121 196 810 813 590 812 823 46 91
810 21 44 96 99 592 11 41 196 42 590 146 91 823 809
811 99 7 14 19 3 197 812
812 11
813
814
815
816 7 14 11 195 817
817 14 11
818 21 99 7 14 19 279 125 42 810 813 815 827 819 632
819 117 630 810 827
820 7 821
821
822 20 21 117 99 7 199 14 19 15 52 860 11 4 5 195 634 125 66 121 42 810 813 590 817 823 815 825 46 65 819 632 27
823 19 11 18 634 138 810 813 825 20 15 14 815 65 827
824 7 589 825 827 814
825 589 827 814
826 117 7 823 827 46 826
827 14 826
828 11 810 829
829 11 851 828
830 867 831 848 860 847
831 867 848
832 867 843 848 833 853
833 867 843 848
834 867 835 873
835 873
836 867 846 848 847 844 837
837 867 848 844
838 867 846 848 860 847 839 844 859
839 867 848 844
840 867 848 860 847 841 844 859
841 867 848 844
842 867 843
843 867 848
844 848 847
845 846
846
847 848 875 11 839 841
848 847 11
849 11 810
850 851 853
851 848 11 853
852 860 11 851 853 859
853 11
854 851 855
855 851 854
856 871 879 857
857
858 20 21 117 99 7 14 19 15 860 11 3 18 4 35 851 839 841 121 42 853 864 865 810 813 849 829 863
859 21 99 7 14 19 860 11 861 814
860 14 861 11 859
861 860
862 21 99 14 19 860 11 851 863
863 11
864 20 21 99 14 19 592 867 860 11 3 851 42 853 852 869 813 871 810 859 23 865
865 14 11 18 140 851 853
866 99 14 19 867 831 860 875 873 839 841 844 42 833 865 813 837
867 835 846 843 875 848 11
868 99 7 19 860 877 865 869
869
870 99 7 14 19 860 11 865 871 879
871 857
872 860 873
873 867 835 843 848
874 867 875
875 867 843 848 873
876 877
877 869
878 11 857 879
879 871 857
880 21 99 14 19 860 11 851 853 865 855
