#E:/YangKaiyuan/testSoftwareModulization/softwareRemodular/core/EXPORT_MAIN.py
# GMT Wed Nov 17 09:04:52 2021
# 
0 51 36 91 548 83 77 543 545 97 102 562 54 33
1
2
3
4
5 2
6
7
8 2
9
10
11
12 108 30 8 5 24 10 11 17 26 1 4 6 22 3
13 4 5 6 8
14 12 17 1 3 6 8 10 11
15
16 17 6 13 18
17 8 15 6
18
19 13 20
20 5 6
21 22 2 13
22 5 2 4
23 24 13
24
25 108 578 26 10 7 13 28
26 7 28
27 28
28
29 108 578 30 9 13 28
30 9 28
31 5 6 2
32 110 111
33
34
35
36
37
38
39
40
41
42 43
43 49
44 578 41 45 37
45 35
46 41 47
47 37
48 109 49 548 33
49 544
50 578 51
51 36
52 41 53
53
54 51 41 33 34
55 41 53
56 41 35 34
57 109 38 41 58
58 49
59 60
60 35
61 38 41 62
62 38
63 109 578 41 39 64
64 49
65 109 578 41 66 39
66 35
67 41 39 68
68 39
69 109 40 41 70
70 49
71 578 40 41 72
72 35
73 41 74
74 40
75
76
77
78
79 80
80
81 578 80 78 75 82 84
82 75
83 89 76 75 84 82 77
84
85 89 82
86 80
87 80 94
88 89 76 84
89 76
90 91 76 88
91 89
92 80
93 95
94 95
95
96 76 75 77
97 100 102
98 100 102 99
99
100
101 102
102
103
104
105 110 532 109 111 107 149 153 154 104
106
107
108
109
110
111
112
113
114 109 133
115 108 126
116 139 108 109 578 126 115
117 139 108 578 118 106
118
119 120
120 110
121 122
122
123 530 124
124
125 126
126
127 530 128
128
129 139 109 41 126 133 37 106
130 530 131
131
132 139 109 38 41 126 133
133 109
134 109 135
135
136 137 139 111
137
138 137 139 109 108
139
140 357 463 252 345 467 485 499 110 532 137 139 108 109 367 369 516 518 199 293 234 238 111 377 477 261 479 122 429 397 451 305 461 208 361 197 175 283 339 323 393 457 227 411 514 333 419 525 363 473 267 269 435 401 217 347 279 383 497 315 163 171 177 185 128 391 240 399 133 405 205 524 145 221 275 232 307 313 329 505 301 327 455 201 349 321 421 395 303 483 135 449 447 152 335 225 297 427 431 371 251 253 120 149 203 343 459 147 219 501 493 469 143 281 124 311 195 512 445 319 417 489 441 495 433 353 520 465 181 131 381 291 118 389 112 373 403 223 247 245 165 277 263 193 242 209 289 255 375 233 481 231 355 526 273 439 443 106 115 183 325 437 271 475 528 425 415 317 154 387 359 179 257 285 423 215 331 167 187 409 309 287 173 385 341 453 471 522 509 351 368 337 299 365 236 176 265 413 249 407 515 295 379
141
142 530 143
143
144 530 145
145
146 530 147
147
148 532 111 149
149 111
150 110 139 109 578 111 41 126 133 106
151 139 111 152
152
153 110 532 531 154
154 532
155 139 109 40 41 126 133
156 110 111
157 110 108 111
158 109 107
159 109 41
160 532 111
161
162
163 169
164
165 532 171
166
167 532 163 171
168 107 162 163 169
169
170 110 532 177 171 531 163 170
171 110 532 163 170 169
172 110 163 177 173
173 532 163 169
174 110 532 175
175 532 531
176
177
178
179 532 183
180 111 107 163 177 181 168
181 532 163 169
182 113 532 578 111 107 163 177 183 168 182
183 532 111 163 169 182
184 107 163 177 168 185
185 532 163 169
186
187
188 530 189
189
190 530 191
191
192 530 193
193
194 530 195
195
196 530 197
197
198 530 199
199
200 530 201
201
202 530 203
203
204 530 205
205
206 530 207
207
208
209
210 530 211
211
212 530 213
213
214 530 215
215
216 530 217
217
218 530 219
219
220 530 221
221
222 530 223
223
224 530 225
225
226 530 227
227
228 530 229
229
230 110 532 231
231 110 532
232
233
234
235 113 530 234 236
236
237 113 536 234 111 238
238 532
239 530 234 240
240
241 113 530 242
242
243 260
244 113 530 253 245
245
246 530 253 247
247 245
248 110 532 249
249 110 532 531
250 113 530 251 253
251
252
253
254 113 530 253 255
255
256 113 530 253 257
257
258
259
260 110 107 261 243 253
261 532 111 107
262 113 530 253 263
263
264 530 265
265
266 530 267
267
268 530 269
269
270 530 271
271
272 530 273
273
274 530 275
275
276 530 277
277
278 530 279
279
280 530 281
281
282 530 283
283
284 530 285
285
286 530 287
287
288 530 289
289
290 530 291
291
292 530 293
293 287
294 530 295
295
296 530 297
297
298 530 299
299
300 530 301
301
302 530 303
303
304 530 305
305
306 530 307
307
308 530 309
309
310 530 315 311
311
312 530 315 313
313
314 530 315
315
316 530 317
317
318 530 323 319
319
320 530 323 321
321
322 530 323
323
324 530 325
325
326 530 327
327
328 530 329
329
330 530 331
331
332 530 333
333
334 530 335
335
336 530 337
337
338 530 339
339
340 530 341
341
342 530 343
343
344 345 530
345
346 530 347
347
348 530 349
349
350 530 351
351
352 530 353
353
354 530 355
355
356 357 530
357
358 501 500 359
359 501
360 113 530 361
361
362 530 363
363
364 530 365
365 287
366 110 369 530 367
367 532 531
368
369
370 530 371
371
372 530 373
373
374 530 375
375
376 530 377
377
378 530 379
379
380 530 381
381
382 530 383
383
384 530 385
385
386 530 387
387
388 530 389
389
390 530 391
391
392 530 393
393
394 530 395
395
396 530 397
397
398 530 399
399
400 530 401
401
402 530 403
403
404 530 405
405
406 530 407
407
408 530 409
409
410 530 411
411
412 530 413
413
414 530 415
415
416 530 417
417
418 530 419
419
420 530 419 421
421
422 530 419 423
423
424 530 425
425
426 530 427
427
428 530 429 427
429
430 530 427 431
431
432 530 433
433
434 530 435
435
436 530 437
437
438 530 439
439
440 530 441
441
442 530 443
443
444 530 445
445
446 530 447
447
448 530 449
449
450 530 451
451
452 530 453
453
454 530 455
455
456 530 457
457
458 530 459
459
460 530 461
461
462 463 530
463
464 530 465
465
466 467 485 530 484
467 485
468 530 469
469
470 113 530 471
471
472 530 473
473
474 530 475
475
476 111 477 107 510
477 111 107
478 111 479
479 532 531 111
480 530 481
481
482 532 111 483
483 111
484 485 111
485 532
486
487
488 530 489
489
490
491
492 530 493
493
494 530 495
495
496 530 497
497
498 499 531 110 532
499 498 532
500 110 501
501 532
502
503
504 530 505
505
506
507
508 530 509
509
510
511 113 530 516 512
512
513 113 530 516 514
514
515
516
517 113 530 516 518
518
519 113 530 516 520
520
521 113 530 516 522
522
523 113 530 524 526
524
525
526
527 113 530 526 528
528
529 113 532 530 531
530 113 110 111 107
531 113 110 532 111 536 107 534 531
532 113 110 531 111 107
533 541 113 110 534
534 113 110
535 541 113 111 536
536 113 111
537
538 113 537 541
539 537 541 540
540
541 537 113 540
542 537 541 113
543 545
544
545
546
547
548
549
550
551 563
552 565 549 553
553 544
554 565 555 550
555 546
556 578 557
557
558 565 545 561
559 578 576 560
560
561
562 565 557 544 548 543 564 561 553 555 560
563 578 564 551
564
565
566 567
567
568 569
569 568
570 111 544 548
571
572 574
573 579 572 574
574
575 107 576
576 107
577 578 544 548
578
579
