# GMT Wed Nov 17 10:02:30 2021
# 
0 22 4 28 1 2
1 32
2
3 22 32 49 4 28 140 45 2 7 42 58 33 36 31 18 130 48 52 37
4 32 34 3 28 29 10
5 6
6 5
7
8 4 28 7 9 2
9 27
10 32
11 22 34 12 2 9 42 58 116
12 29 34 39
13 32 29
14
15 34 16
16
17 22 4 28 2 7 42 54 18 20
18
19 49 20
20 49 19
21 128 22 32 49 62 4 28 34 138 26 56 1 39 45 2 7 40 35 31 14 18 130 48 52 20 24 60 120
22 40 34 32 49 38 52 13 48 16
23 49 20 24
24
25 49 4 28 34 26 2
26 32
27 28
28 6 29 2
29 28
30 32
31
32
33
34 32
35
36
37 32
38
39 32
40
41 32 49 4 34 45 2 42 58 13 38
42 32 39 58
43 22 32 10 45 7 40 42
44 32 10 34 45 37
45 32 34
46 22 32 4 28 45 2 7
47 4 28 34 2 48
48
49 22
50
51 22 4 28 34 2 48 52
52 22
53 54
54
55 4 28 56 2
56 32
57 32 4 29 58 36 33
58 4 32 29 36
59 22 49 50 20 60
60 32 4 50 49
61 4
62
63
64 78 83 103 65 77
65 78 103 64
66 80 67
67 80
68 78 69
69 78 83
70 78 71
71 78 83
72
73
74
75
76
77 78 69 71 85 92 83 103 98 68 65 97 102
78 69 71 83
79 80 87 100 67 104
80 87
81
82 78 94 80 92 83
83
84 85 75
85 78 92
86 87 76
87
88
89
90
91 96 92 75 83
92 78
93 94 96 80 87
94 80
95 78 94 96 80 92
96 78 94 85 95 92 80 87
97 78 98
98 78
99 80 100
100 80
101
102 85
103 65
104
105
106
107
108
109
110
111
112
113
114
115 32 34 39 45 30 13 116
116 32 30 111
117 6 28 118 2
118 49
119 4 28 2 120
120 49
121 6 120 122
122
123 124
124
125 32 49 34 45 7 35 126
126
127 128 4 28 34 2 7
128 32 49
129 4 28 2 7 14 130
130 62
131 7 132 130
132 134 130 136
133 7 134 136 130
134 130 136
135 7 132 136 130
136
137 49 34 138 145 142 147 151 140 157 155
138
139 22 144 124 6 34 138 145 149 140 142 147 151 157 45 159 153
140 147 151 31
141 162 145 142 147 159
142 145
143 144 145
144
145
146 138 145 142 147
147
148 138 149 145
149
150 49 10 28 34 138 140 151
151 34
152 138 140 151 155 157 153
153 140
154 138 155
155
156 138 140 155 157 45
157 140
158 162 138 145 142 151 45 159
159 162 145 140 147
160 162
161 160 162 138 145 140 142 151 159
162 159
