#E:/YangKaiyuan/testSoftwareModulization/softwareRemodular/core/EXPORT_MAIN.py
# GMT Wed Nov 17 13:18:32 2021
# 
0 1
1
2 0 1
3 7
4
5 6 4 7 11 9 15
6 3 4 7
7 6 3 4
8 4 9
9
10 11
11 10
12 4 13
13 4
14 4 15
15
16 18 26 24 20
17 18
18
19 20
20
21 22
22
23 24 22
24
25 26
26
27
28
29 33
30 37 31
31
32 35 37 39 31 33
33
34 35 37 39 33
35
36 35 37 39
37 39
38 35 37 39
39 41
40 37 39 41
41 39
42
43 47 44 48 46 45 51 50
44 48 46 45 50
45 44
46 44 51
47 44 51
48 44 51
49 44 51
50 44 51
51 44
52 53
53
54 56
55 56 53
56
57 60 64 62 58
58
59 60
60
61 62
62
63 64
64
65 76 68 70 86 66 78 84
66
67 76 68
68
69 76 70
70 79
71 76 72 82
72
73 74
74
75 72 76 82 66 74
76 72 66 79
77 76 78
78
79
80
81 82
82
83 76 84
84
85 76 86
86
87
88 71 72 76 87
89 76 87 65 84
90 91
91
92 91
93 94
94
95 100 94
96
97
98
99 100
100
101 106 102
102 101
103 102 106 104
104 103
105 102 104
106
107 121 112 111 114 110 108 113 109
108 112 111 110 121
109 121 127 112 111 135 138 132 114 133 119 118 120 110 108 134 113 117 107
110 112 111 135 138 114 133 120 118 121
111 120 138
112 111
113 127 111 138 114
114 121 138
115 116
116
117 126 118 125
118 126
119 121 111 138 126 114 120 117 118 113
120 121 114 118
121
122 123 121 111 135 138 114 119 137 124 134 113 136 109
123
124 127 114 120 137 110 121 138
125 126
126
127
128 129
129 124
130 131
131
132 133 114
133 114
134 135 138 114 113
135 138
136 121 111 138 132 114 133 119 120 137 110 113 109
137 127 111 138 114 120 121 110
138
139
140 141
141
142 143
143
144 145 147
145 147
146 147
147
148 149
149
150 151
151
152 151 154 145 131 149 129
153 154 141 143
154
155 156
156
157 158
158
159 190
160 190
161 190
162 190
163 190
164 190
165 166 168 169
166 168 165 187 156 169
167 168
168
169 188
170 168 169 172 171 196
171 168 169
172 169 188
173 168 174 169
174 168 173 187 158 156 169
175 168 176 169
176 168 175 187 156 169
177 168 178 169
178 168 177 187 156 169
179 168 180 169
180 168 179 187 156 169
181 168 182
182 190 168 181
183 168 184
184 168 183
185 186 168 196
186 198 176 168 174 166 194 180 178
187 169 188
188
189 190 168
190 189 168
191 190 168 192 182
192 168
193 168 194 169
194 168 187 193 158 156 169
195 186 168 192 184 171 196
196 168
197 168 198 169
198 168 197 187 169
199 168 201 195 196 200
200 196 195
201
202 201 196 200
203
