#E:/YangKaiyuan/testSoftwareModulization/softwareRemodular/core/EXPORT_MAIN.py
# GMT Wed Nov 17 12:47:50 2021
# 
0 58 390 366
1
2
3 390
4 390 284 162 138 147 195
5 324 391
6 390 145 16 58
7 181 291 229
8 390
9 390 58
10 390
11 390
12 324 78
13 390 147 87
14 390 342 138
15
16 390
17 13 324 80 90 33 347
18 323 57 149
19 390 162 58
20 390 419 139 292 166 256
21 58 20 284
22
23 390 389 268 58 285 188
24 0 390 100 305 58 27 378 218 301 147 343 76 36 416 115 285 284 373
25 410 323 57
26 390 188 58 147
27 58 416 197
28
29 305 218 240 58
30 390 218 115
31 291 271 400 252 221
32 390 58
33 242 188 94 13 310 58 366 324 80 391 347
34 390 305
35
36 390 284 308 145
37 181 52 291 85 400 252 229 407 374 31 206
38 390 138 147 36
39 58
40 390 147 26 135
41 390
42 390 134 190 16
43 115
44 390 11
45
46 181 52 291 85 400 252 229 374 31
47
48 263
49 284
50
51 57
52 330 85 252 407
53 0 100 268 58 27 343 304 115
54 181 291 229
55 303
56 390 134 147 135 166
57
58
59
60 390 268 147
61
62 16 268 22 36
63 323 57 412 67
64 147
65 58 82
66
67 57 412 63
68
69 188 134 426 305 26 390 138 218 263
70 173
71
72
73 390
74 181 52 291 400 252 229 374 31
75 268
76 58
77
78
79 390 285
80
81 27
82
83
84 390 134 389 23 282 419 139 292 256
85 291 52 407
86 390 305
87 390 188 13 138 58 320 369 147
88
89
90
91
92 390 134 268 58
93
94 390 16 58 145 368
95 390 138 285 147 170
96 57
97
98 271 158
99 390 188 310 305 369
100 0 390 58
101 181 52 291 85 400 252 229 374 31
102 390 284 305 268 27 24 145 369 343 285 242 188
103 162 147
104 390 284 28
105 390 284
106
107 390 27 416 192 335 169 197
108 390 134 268 290 170 11 215 166 419 342
109 116
110 390 58
111
112 181 52 291 271 400 252 229 165 297 244 307 175 212 31
113 115
114 147
115 24 53
116
117 291 229 198 244 223 52 307
118 390 284 188 13 138 369 285 93 166
119
120
121
122 13 324 80 33 348 347
123 390 188 310 305 138 285
124
125
126 390 250
127
128 115
129 0 284 268 58 288 421
130 390 134
131
132 390 284 148
133 390 134 310 305 58 26 426 213 292 366
134
135 285
136 390 58
137 390 268 11
138 390 19
139 390
140
141 134
142 390
143 390 13 356 324
144
145 390 58
146 390 419 108 139 292 256
147 390 58
148 284 242
149 323 57 51
150 390 188 310 305 369 163
151
152 91 291
153
154
155 390 285
156 390 284 290
157 305 156 390
158 291 271 400 252 221 98 158
159 181 291 271 252 229
160 145 115
161 390
162 390 58
163 390 285 154
164 390
165 291 271 407 221
166 390 284
167
168 390 58
169
170 162
171
172
173
174 410 242 94 58 366 395 303
175 181 52 291 271 400 252 229 407 116 165 244 307 221 31 109
176 390 342 328 366
177 390 305 366 218 395
178 188 366 310 174
179 390 58
180 390
181 229 271 46 74 330 291 374 85 252 101 31 52 400 407
182 181 291 252
183 390 58 242
184 16 94 58 145 6
185 390 305 58 26
186 390 188 134 310 305 369 170 255
187 13 324 33 355
188 390 284 147 58 255 369 138 38 13 135 285 134 313 166
189
190 390 134 268 58
191 268
192 390 58 335
193 390 284
194 390 389
195 390 138 58 147
196 390 265
197 58
198 291 165 152 31 228
199 323 57 51
200 390 58 250
201 390 27 397 9 201
202 13 324 347 422 80 33
203 284
204 390 284
205 181 52 291 85 400 252 229 288 374 31
206
207 390 145
208 390
209 390 308 11
210
211 390 310 305 156
212 181 52 291 271 252 165
213 366
214 324 83
215 390 342 268 147 313 170
216 390 426 26 305 192 138 310 285 188 123 185
217 181 291
218 390 100 16 284 94 305 268 27 147 58 93 36 416 39 64 185 145 197
219 410 323 57 242 94 268 395 199 60 249 388
220 390 285 197
221 271 400 91 31
222 241
223 52 229 117 307
224 390
225 324 322
226 250
227 268
228 291 271 400 252 229 165 31
229
230
231
232 390 299
233 402
234 181 291 271
235
236 58
237 242 369 183 161
238 390 402 318
239 240 345
240 390 58 319 167
241 390
242 390 58 284
243
244 291 271 229 52 307
245 390 290 138 320
246
247
248 390 27
249 410 323 242 284 268 58 174 404 179 72 281 161
250 390 58 288 257
251 390 16 242 188 94 13 55 305 385 58 366 26 426 280 133 287
252
253
254
255 138 147 192 335 135 166
256 390
257 390 250
258 390 188 285
259
260 134 138 263 58 395 147 313
261 410 57 264 51
262 390 135 147
263 162 404 250
264 323 57 51
265 390
266
267 390 369 147 313
268 390 58 39 290
269
270 390 285
271 91
272 0 58 115
273 390 305 156
274 52 291 271 400 252 229 165 244 117 223 307 175 31 228
275
276
277 13 369
278 242 94 58 384
279 147
280 390 395 366
281 390 385 58 68
282 390 389 23 285 170 419 139 292 256
283 181 52 291 85 400 252 229 374 31
284 390 58
285 390 200 226
286 51
287 390 134 310 268 366 395 26 426 133 305
288 58
289
290 58 145
291 52 271 91 252
292
293
294 13 371 324
295 390 324 231
296 390 284 305 343 58 27 218 115
297 181 52 291 271 400 252 229 407 198 152 165 212 221 312 417 112 413 228
298 342 138 20
299
300 0 390 310 305 290 378 369
301 218
302 390 416 27
303
304 390 268 58 366 145 416
305 390 36 218
306
307 52 291 229 244
308
309
310 390 305 150
311 259 324
312 181 291 400 229 198 152 165 297 244 175 223 31 117 274 307
313 390 284 369 147
314 369
315
316
317 324 131
318 238
319 167
320 390 58
321 13 395 324 349
322
323 410 51 57 360 286
324 188 310 366 80 33
325 181 291 271 252
326
327 390 419 292 256
328 390 188 134 342 300 305 211 310 216
329 58
330 291 271 252
331
332
333 324 66
334 11 16
335 390 284
336
337 390
338 390 138 263 343 402
339 390 250
340 390 134 162 138 369 285 195
341 390 378
342 390 188 162
343 390 58
344 390 162 138 26
345 240
346 390 94 145
347 80
348
349
350 323 57 360
351 390 268 145 304 416
352 213 242
353 324 35
354 13 324 315
355
356
357 390 284 285
358
359 284 240
360 57 51
361
362
363 390
364 181 291 271
365
366 390 58
367 58
368 16 284
369 390 13 93 170 270
370 390
371
372 239 240
373 390 284
374 181 52 291 85 271 400 229 407 31
375 390 268
376
377 390 188
378 390
379
380
381 390 147 245
382 390 203
383 145
384
385 58 281
386
387
388 390
389 390
390 58 288
391
392 390 52 291 147 135
393
394 390 188 134 26 328
395 390 242 58 366
396 324 144
397 390 201
398 145 343
399 284 147 161 405
400
401 390
402 338 238
403 395
404 390 138
405 390 147 40
406 390 147 135
407
408 390 363
409 390
410 199 350 51 18 308 264 57 25 323 63
411
412 410 323 57 51 96
413 181 291 400 229 158 98
414 381
415 58
416 58
417
418 410 425
419
420
421 390 263 58 285 313 118
422
423 390 346
424
425 13
426 58 26 377
